SUMMARY MODEL BRPT

=== TRAIN METRICS ===
RMSE: 18.7628520406472
MAE: 13.642462730407715
R2: 0.9909773468971252

=== TEST METRICS ===
RMSE: 835.3162200627976
MAE: 408.76934814453125
R2: 0.13181215524673462
