SUMMARY MODEL ASII

=== TRAIN METRICS ===
RMSE: 68.46757686694666
MAE: 52.716331481933594
R2: 0.993804931640625

=== TEST METRICS ===
RMSE: 125.93275813033121
MAE: 92.13642883300781
R2: 0.9081677794456482
