SUMMARY MODEL TLKM

=== TRAIN METRICS ===
RMSE: 36.63658026715751
MAE: 27.308895111083984
R2: 0.9942720532417297

=== TEST METRICS ===
RMSE: 159.74024936009397
MAE: 114.15436553955078
R2: 0.5913386344909668
