SUMMARY MODEL TPIA

=== TRAIN METRICS ===
RMSE: 48.87766237153993
MAE: 36.110652923583984
R2: 0.9989358186721802

=== TEST METRICS ===
RMSE: 946.1778374069011
MAE: 824.292724609375
R2: 0.3194235563278198
