SUMMARY MODEL BBCA

=== TRAIN METRICS ===
RMSE: 73.45267462901708
MAE: 57.01546096801758
R2: 0.9972489476203918

=== TEST METRICS ===
RMSE: 354.54796264045854
MAE: 267.8744201660156
R2: 0.8572214841842651
